00110110 01100101 11101111 11011000 11000111 11100001 10110110 10110010 
10000010 10011101 10100011 01000011 10100111 01110100 10111100 00100011 
01110010 00000100 11111001 10010111 10111011 00101111 11001101 01110100 
01110101 11000101 01000111 10100110 10110000 10000100 00000100 11101110 
01010000 00111101 11001001 11001101 11111100 10000010 11011100 00000110 
00000101 10111000 01100001 11000010 00011011 10111101 01000111 01111110 
00111100 00001110 11110000 11101110 11011111 11000001 01010110 11100101 
11111101 11000010 11011111 10011111 11001110 11001010 11010111 10100101 
01111101 01100101 11000101 11000111 01101101 10000001 01001001 11111011 
10111000 10101010 01101111 01100011 00110010 01110111 00001001 01101011 
01011011 00001110 01101101 10010000 10011101 11011001 10110001 01101010 
00001101 11111000 00111110 10010101 10101111 00011100 00100100 00101111 
11110010 00000110 00010010 00111000 01010111 11101110 10001101 10100010 
11101100 11111101 10100110 01001010 01000000 10111110 00010010 00010111 
01101011 11010000 10010010 10100101 01011000 00011111 00001011 10001111 
11101110 10011111 11100111 00010011 11110000 00111011 10011010 00010110 
11001111 01000101 10011101 11110000 11101101 10110001 11001101 00110101 
10000110 10011110 01110001 11000100 01010110 11111111 11100111 01010001 
01110000 01001111 01011000 01001101 00001101 01011011 11101110 00010000 
10011001 11000011 11001000 10001100 10000000 01011000 01101111 11000101 
00001000 00000111 10011101 00010110 00110110 11101011 10011001 11111110 
10111010 01011110 00001010 10001111 01010001 10001101 00100000 11100110 
00101100 01000101 00001010 11001001 11111100 00110010 10001000 00010001 
11100111 00100000 10000111 01110110 01100001 01010001 00100111 01001010 
00100101 00100001 00110000 11111111 01100010 00110010 10010000 00100110 
11000100 11111011 01110111 10111110 01010110 00001001 10101100 10101110 
01101100 00101101 10100111 10011101 01100111 10110110 01110101 10000001 
01100101 11011111 01010011 00011100 01011101 01111110 10101101 11010001 
00110101 11001111 10111111 10011100 01001111 00011110 00111001 10100010 
11110011 00010011 00110000 01001111 01001110 11011111 10101010 00101010 
11100100 10111001 11110100 10010011 00110011 11000000 10110010 01000101 
11001001 10000001 10110000 01001000 00010101 01111001 00110101 00100100 
01111111 10110111 00001101 10111111 11101010 10111110 00101110 11100000 
00100111 01111011 10010101 01000100 00111010 11101010 01000111 00000011 
00010111 11111100 00101110 01011101 00001001 01100101 11000010 10001010 
11100011 11110111 11111001 11010011 01011111 00011001 00100101 01000111 
11001011 10011001 11100000 01101100 01010111 00010111 11111100 10001100 
10000100 00000111 10011111 00011001 01110010 10100011 01011000 01001110 
10111000 00100111 00110010 11100010 00001101 10010100 01010001 11001100 
11000111 10000011 11000101 10100000 11010010 01000110 01111111 00000010 
11110101 11011101 11001101 01101001 00111010 01010000 00111101 10110110 
11000011 01001010 10001010 10100101 10001101 00101000 11011110 10001000 
01111101 00000111 11001000 00101101 11011101 01001101 10101110 00101101 
01001111 01111110 11100010 00000000 11100000 00100000 00110110 00110111 
11010011 01000111 00010110 10101100 11011000 01011010 01000110 11111100 
01100100 01000001 00101110 11111010 00101010 00110100 00101001 01011001 
11010010 00000100 10110111 10001000 01010111 01010010 00010100 11101000 
01111110 10111010 10010111 00011101 00110110 11001100 00101110 10011101 
00111111 10001110 00110111 11101110 11011000 01100110 00110111 11110101 
00110111 11100010 01000011 01110000 11101111 00000000 10110100 10011000 
01111011 01011110 00011101 00000101 01110000 10001010 10011010 01001010 
00001110 00100100 10110100 11101001 01011110 01100000 01001101 11101110 
01101111 00110000 01110001 11100011 10010110 00001010 10110111 10100000 
00111000 01011101 01110101 10100011 10100110 11001010 10111001 10001101 
11000110 11010110 11010011 11010010 00111000 10001101 11001011 10011110 
11110101 00001111 10001010 01000101 00100001 10111000 11100101 11111111 
00100101 11100001 10100110 00001001 11000000 11000000 11001111 11000101 
01111000 00110110 11111100 01001000 11100001 01011100 00011010 00001010 
11100110 11100110 11001100 10011100 01100011 10000110 10111011 11101010 
10000010 11110101 10010011 00111111 10101100 11000001 00100100 11000100 
11011100 00110000 01110010 10110010 00111110 10000110 00101101 00111111 
01001101 00110100 10100011 11101101 00101101 00111111 01101010 01110101 
10100010 10010001 00111001 10101110 11111001 10100010 11100100 10011111 
11110111 11000010 10100110 00011011 01101000 11100011 01011000 11000001 
01110010 11010111 10001111 10001000 11101011 01001010 11101111 11110011 
11100101 00001110 11010010 11110000 01100000 11110010 01111000 11000110 
10010100 11000001 01100101 01010011 11011000 10000100 11101100 01110110 
10001111 11001010 10101001 01100001 11001100 01010010 00110011 10101000 
10010000 01101010 01000000 10010001 01110011 10010100 10111000 11010011 
01000100 00110100 11010101 11001001 11001100 10111100 10010000 00100001 
11111010 00001010 10001110 10111100 01010000 01101001 00100110 10001100 
10111101 00011001 10101101 00000011 10001100 01000011 01001110 10110110 
00010011 10010010 11100110 01001101 11001011 10001100 11111100 11111111 
10111111 11111100 01100001 10010111 10100001 11000001 01001011 01101111 
10110100 00011101 10000110 01110100 01000010 01000011 00011100 11001001 
10000010 01001100 00100111 11011001 00101000 10001011 11010101 11110001 
00001010 10001011 00011001 01100111 00100001 00010000 11111010 00001111 
00110100 00111110 10110100 01011101 01110100 11000000 10110000 00100001 
10110100 00100001 11100001 00001101 11000011 11111010 10101010 11111111 
00000011 01111001 01101100 10010010 00010001 11101100 10000100 01011101 
